|        kc |   z |                 kPpi |                   kepi |
|   0.00075 | 2.0 | 0.004739292022148996 | 0.00037994263789612717 |
|   0.00125 | 2.0 |  0.00643344068713214 |  0.0002777508404862521 |
|   0.00175 | 2.0 | 0.008783554407815685 |  0.0003644282140435292 |
|   0.00225 | 2.0 | 0.012716869882653014 |  0.0004168131882100395 |
|   0.00275 | 2.0 | 0.015449440889333537 | 0.00047942514070974893 |
|   0.00325 | 2.0 |  0.01640800723833456 |  0.0006124716703170773 |
|   0.00375 | 2.0 | 0.015469979834739547 |  0.0006958142703517499 |
|   0.00425 | 2.0 |  0.01536259003688829 |  0.0007882242458042541 |
|   0.00475 | 2.0 | 0.020506119698996392 |  0.0008106906371485776 |
|   0.00525 | 2.0 | 0.020765757115409355 |  0.0010419609927020854 |
|   0.00575 | 2.0 | 0.024633946387533478 |  0.0010623834366897513 |
|   0.00625 | 2.0 |  0.02248680296577503 |  0.0015499522971050982 |
|   0.00675 | 2.0 |  0.02201146285498962 |   0.001301902633788769 |
|   0.00725 | 2.0 |    0.020071857479023 |  0.0013759293379619726 |
|   0.00775 | 2.0 |  0.02981497295423403 |   0.001315129921531665 |
|   0.00825 | 2.0 | 0.029364039253971765 |  0.0014538032945745358 |
|   0.00875 | 2.0 | 0.026951405492768147 |  0.0014422047985192426 |
|   0.00925 | 2.0 |  0.02594911371047677 |  0.0015020361550081933 |
|   0.00975 | 2.0 |  0.02351755403921538 |  0.0015062941067782024 |
| 0.0106101 | 2.0 |  0.02696993353615833 |   0.001167633833370611 |
| 0.0119047 | 2.0 | 0.027968759015780723 |   0.001180616596827673 |
| 0.0133573 | 2.0 | 0.029806882950594967 |   0.001337025658753166 |
| 0.0149871 | 2.0 |  0.02927443156734876 |  0.0013548864310069728 |
| 0.0168159 | 2.0 |  0.02879724256377537 |   0.001593874421968208 |
| 0.0188677 | 2.0 | 0.027009113248989452 |  0.0018163206604076391 |
| 0.0211699 | 2.0 | 0.027560422484138352 |  0.0021410719270093764 |
|   0.00075 | 2.2 | 0.005327242212919075 |    0.00040137125943402 |
|   0.00125 | 2.2 |  0.00903753386600173 |  0.0002549610462975659 |
|   0.00175 | 2.2 | 0.011615334648272541 | 0.00031039232565232666 |
|   0.00225 | 2.2 | 0.015267749606299829 |  0.0003928707143460102 |
|   0.00275 | 2.2 |  0.01862889510297464 |  0.0004868953962736531 |
|   0.00325 | 2.2 | 0.021294708568775265 |  0.0005595473200484285 |
|   0.00375 | 2.2 | 0.019782084074135585 |  0.0006148147493892763 |
|   0.00425 | 2.2 |   0.0199199600013361 |  0.0007006455778042478 |
|   0.00475 | 2.2 |  0.02216747448795545 |  0.0006888680324379757 |
|   0.00525 | 2.2 | 0.027621555232771614 |   0.000875012072892037 |
|   0.00575 | 2.2 | 0.030456622022803314 |  0.0008589604215290324 |
|   0.00625 | 2.2 | 0.026741611425657986 |  0.0009281080717668103 |
|   0.00675 | 2.2 | 0.027695562281309344 |  0.0009518777033626417 |
|   0.00725 | 2.2 | 0.029223226918071207 |  0.0011913580666555452 |
|   0.00775 | 2.2 |  0.03472706745584505 |  0.0010855526562627688 |
|   0.00825 | 2.2 |  0.03707414131711555 |  0.0012408826286073365 |
|   0.00875 | 2.2 |  0.03352559087495003 |   0.001362829055863664 |
|   0.00925 | 2.2 |  0.03536537427060941 |  0.0012494448462357943 |
|   0.00975 | 2.2 |   0.0343550507341149 |  0.0011449324901781678 |
| 0.0106101 | 2.2 |  0.03664741702857096 |  0.0008832685739601692 |
| 0.0119047 | 2.2 |  0.03635553670667365 |  0.0009731554179077208 |
| 0.0133573 | 2.2 |  0.03658236115801866 |  0.0010961676701035652 |
| 0.0149871 | 2.2 | 0.037167198053056766 |  0.0011002015001691909 |
| 0.0168159 | 2.2 |  0.03911060117377122 |  0.0013557396102366027 |
| 0.0188677 | 2.2 |  0.03703221193780869 |   0.001489552424517168 |
| 0.0211699 | 2.2 |  0.03611378020169451 |  0.0017092092698155162 |
|  0.023753 | 2.2 | 0.036268169729071896 |  0.0021234850592030535 |
|   0.00075 | 2.4 |  0.00641762864353596 |  0.0004712530118468094 |
|   0.00125 | 2.4 | 0.010671458300518903 |  0.0003418823248051313 |
|   0.00175 | 2.4 | 0.013341163104678127 | 0.00031137717644017925 |
|   0.00225 | 2.4 |  0.01890323843612929 | 0.00045731270995886175 |
|   0.00275 | 2.4 |  0.02210955800416431 |  0.0005608311433968794 |
|   0.00325 | 2.4 |  0.02438829869061829 |  0.0005308604373308298 |
|   0.00375 | 2.4 |  0.02278318925854791 |  0.0006568519466207807 |
|   0.00425 | 2.4 | 0.024064044367310022 |  0.0007882377739744169 |
|   0.00475 | 2.4 | 0.028270246907572714 |  0.0008270864610760184 |
|   0.00525 | 2.4 | 0.031159832223360547 |  0.0011100042667897489 |
|   0.00575 | 2.4 |  0.03544834970019037 |   0.001060353654123029 |
|   0.00625 | 2.4 |  0.03321603451063629 |  0.0010431611801279416 |
|   0.00675 | 2.4 | 0.032304506405066075 |  0.0010360939048799458 |
|   0.00725 | 2.4 | 0.035145135660358845 |   0.001226311197792558 |
|   0.00775 | 2.4 |   0.0387540376569448 |  0.0011490112334822554 |
|   0.00825 | 2.4 |  0.04151427775048186 |  0.0013253050949308875 |
|   0.00875 | 2.4 |  0.04278391243575599 |  0.0014677256915313856 |
|   0.00925 | 2.4 |  0.03932731376196181 |  0.0011871950508090905 |
|   0.00975 | 2.4 |  0.03722953224580332 |  0.0013189748662243506 |
| 0.0106101 | 2.4 |   0.0434263330333767 |  0.0010751464804453395 |
| 0.0119047 | 2.4 |  0.04265443976540987 |   0.001037241475076827 |
| 0.0133573 | 2.4 |  0.04453336614794233 |  0.0012456213084559126 |
| 0.0149871 | 2.4 |  0.04326223345560014 |  0.0011982027464313998 |
| 0.0168159 | 2.4 | 0.046300999623801964 |  0.0013140690959672205 |
| 0.0188677 | 2.4 |  0.04650998621671679 |  0.0015178996845918438 |
| 0.0211699 | 2.4 | 0.045409326052182446 |  0.0018802818150374068 |
|  0.023753 | 2.4 |  0.04575109477537231 |  0.0021437177994112306 |
|   0.00075 | 2.6 | 0.008177420764797357 |  0.0005873915569198272 |
|   0.00125 | 2.6 |  0.01285017010523963 |  0.0004652138775311874 |
|   0.00175 | 2.6 | 0.016404394421126373 | 0.00046162373990239194 |
|   0.00225 | 2.6 |  0.02272035488701523 |  0.0006866182977399002 |
|   0.00275 | 2.6 |  0.02605958474802628 |  0.0006941612871127976 |
|   0.00325 | 2.6 |  0.02987294514225525 |  0.0007607661984022679 |
|   0.00375 | 2.6 | 0.028526613689905136 |  0.0009432090906547271 |
|   0.00425 | 2.6 | 0.029307292559012352 |    0.00101840064985642 |
|   0.00475 | 2.6 |  0.03366284609787247 |   0.001173004477773131 |
|   0.00525 | 2.6 |  0.03617371426882599 |    0.00132445329767546 |
|   0.00575 | 2.6 |  0.04050029365029624 |  0.0014313810687269204 |
|   0.00625 | 2.6 |   0.0410806760235223 |  0.0014435194183491816 |
|   0.00675 | 2.6 |   0.0394487887722767 |     0.0012715988960043 |
|   0.00725 | 2.6 |  0.03981255331020754 |  0.0015794956721489456 |
|   0.00775 | 2.6 | 0.050717523743230866 |   0.001577442971270418 |
|   0.00825 | 2.6 | 0.048170805921345906 |  0.0019829169268274606 |
|   0.00875 | 2.6 |  0.04569780071135396 |  0.0021225623386852653 |
|   0.00925 | 2.6 |  0.05183292137315464 |   0.001755666825136454 |
|   0.00975 | 2.6 |  0.04955733991232104 |   0.002192265439674434 |
| 0.0106101 | 2.6 |  0.05222419881283016 |  0.0013961385553560395 |
| 0.0119047 | 2.6 |  0.05262317147039853 |  0.0014529254990408441 |
| 0.0133573 | 2.6 | 0.051854047622582354 |   0.001222087813298442 |
| 0.0149871 | 2.6 |   0.0560242922579044 |   0.001403450549536364 |
| 0.0168159 | 2.6 | 0.055060746574621414 |  0.0014702438673015515 |
| 0.0188677 | 2.6 |  0.05499854922297663 |   0.001948844101256747 |
| 0.0211699 | 2.6 |  0.05530891897218196 |  0.0020642318028054447 |
|  0.023753 | 2.6 |  0.05432717570337347 |  0.0024006796487068614 |
| 0.0266514 | 2.6 | 0.054350964387725846 |   0.002914261393671902 |
|   0.00075 | 2.8 | 0.009492167918690885 |  0.0007308721254413173 |
|   0.00125 | 2.8 | 0.015553138292505063 |  0.0005640053295819041 |
|   0.00175 | 2.8 | 0.019673062938117637 |  0.0005956286209995483 |
|   0.00225 | 2.8 | 0.027568150791617126 |  0.0008820255537692675 |
|   0.00275 | 2.8 | 0.030730376482668523 |   0.000783638036964118 |
|   0.00325 | 2.8 |  0.03547728406884448 |  0.0009727398128805991 |
|   0.00375 | 2.8 |  0.03417144163401693 |   0.000953061577406831 |
|   0.00425 | 2.8 |   0.0334404191071544 |    0.00106911370134575 |
|   0.00475 | 2.8 | 0.042042799485501416 |  0.0014156079385143267 |
|   0.00525 | 2.8 |  0.04781645539829896 |  0.0014740692892531424 |
|   0.00575 | 2.8 |  0.04892068830896484 |  0.0015637726757434256 |
|   0.00625 | 2.8 |  0.04662006381783572 |  0.0015225119954792668 |
|   0.00675 | 2.8 | 0.047463465650015434 |  0.0017142216842932511 |
|   0.00725 | 2.8 |  0.05020018264296351 |  0.0015493841935357313 |
|   0.00775 | 2.8 |  0.05522603314014946 |  0.0016575753365254554 |
|   0.00825 | 2.8 |  0.06004084418279556 |  0.0022654701085665675 |
|   0.00875 | 2.8 |  0.05663560480913714 |  0.0022372768449049688 |
|   0.00925 | 2.8 | 0.056957591174506356 |   0.002402974011087599 |
|   0.00975 | 2.8 |   0.0578282244174491 |  0.0027467747099992885 |
| 0.0106101 | 2.8 |  0.06040368101292932 |  0.0015008855062772484 |
| 0.0119047 | 2.8 | 0.061630915468546744 |  0.0015429498876504979 |
| 0.0133573 | 2.8 |  0.06248302405332496 |   0.001415853301069246 |
| 0.0149871 | 2.8 |  0.06193928740177399 |  0.0015163740514724372 |
| 0.0168159 | 2.8 |  0.06613220344228878 |  0.0016783555686237842 |
| 0.0188677 | 2.8 |  0.06731213054893141 |  0.0020116705181298785 |
| 0.0211699 | 2.8 |   0.0655014383325169 |   0.002257326055113054 |
|  0.023753 | 2.8 |  0.06729556073045398 |  0.0025700192161368096 |
| 0.0266514 | 2.8 |  0.06308988861987577 |  0.0031186774988808917 |
|   0.00075 | 3.0 | 0.013450876564698525 |  0.0009354347695720459 |
|   0.00125 | 3.0 | 0.018501483613282424 |  0.0007502564017351947 |
|   0.00175 | 3.0 | 0.024337512348277673 |  0.0010363994823706824 |
|   0.00225 | 3.0 |  0.03494211761495082 |   0.001063946815695743 |
|   0.00275 | 3.0 |  0.03714294399901417 |  0.0011482519848262354 |
|   0.00325 | 3.0 | 0.040680544581094956 |  0.0014598447366368326 |
|   0.00375 | 3.0 |  0.04062855661893399 |  0.0012789372916978525 |
|   0.00425 | 3.0 |  0.04393219147692256 |  0.0015005040499485192 |
|   0.00475 | 3.0 |  0.04890382584274425 |  0.0018423378324960073 |
|   0.00525 | 3.0 |  0.05764802919088046 |  0.0018327415852022817 |
|   0.00575 | 3.0 | 0.060073693763049725 |  0.0023882615689932414 |
|   0.00625 | 3.0 |  0.05800541161559332 |  0.0020099279875717734 |
|   0.00675 | 3.0 |  0.05658703072050549 |  0.0020364524320775823 |
|   0.00725 | 3.0 | 0.059640251191033264 |  0.0024216801281689623 |
|   0.00775 | 3.0 |  0.06584752474628466 |  0.0021586129227323682 |
|   0.00825 | 3.0 |  0.06634311732357852 |   0.002784250208251894 |
|   0.00875 | 3.0 |  0.07124153245783078 |  0.0036457861546475108 |
|   0.00925 | 3.0 |  0.06958215119016607 |   0.003012705192439577 |
|   0.00975 | 3.0 |  0.06268275257614378 |  0.0022279776603125238 |
| 0.0106101 | 3.0 |     0.07304052338797 |  0.0018334515873400354 |
| 0.0119047 | 3.0 |  0.07383879400307804 |   0.002098367435627689 |
| 0.0133573 | 3.0 |  0.07779999176873366 |   0.001740836625795759 |
| 0.0149871 | 3.0 |  0.07801983069635873 |  0.0018695515944082363 |
| 0.0168159 | 3.0 |  0.08036066343340913 |  0.0020689022266375205 |
| 0.0188677 | 3.0 |  0.07707091506065607 |  0.0021783488039037076 |
| 0.0211699 | 3.0 |  0.08077343828775513 |   0.002624363491326311 |
|  0.023753 | 3.0 |  0.07842001426202992 |   0.002992222671280613 |
| 0.0266514 | 3.0 |   0.0820409650402925 |  0.0033654427573602693 |
| 0.0299033 | 3.0 |   0.0797471742482986 |   0.004125086879959371 |
|   0.00075 | 3.2 |  0.01358313432240789 |  0.0010588570406156643 |
|   0.00125 | 3.2 |  0.02323093190220118 |  0.0008847502863950008 |
|   0.00175 | 3.2 |  0.02971336048081701 |  0.0010683848512838606 |
|   0.00225 | 3.2 |  0.03870566251199202 |  0.0016527683797792508 |
|   0.00275 | 3.2 | 0.043802360832095336 |  0.0019980526414929718 |
|   0.00325 | 3.2 | 0.050890302349451425 |   0.002021313136425852 |
|   0.00375 | 3.2 |  0.04870236751577853 |   0.002465246406516222 |
|   0.00425 | 3.2 |  0.05429855770928144 |  0.0023586229397159534 |
|   0.00475 | 3.2 |  0.05941399652393382 |    0.00280472310435652 |
|   0.00525 | 3.2 |  0.06566459205469484 |  0.0031053381439673533 |
|   0.00575 | 3.2 |  0.06851843117026424 |  0.0033461029672284797 |
|   0.00625 | 3.2 |  0.06847422588482047 |  0.0032070715751411237 |
|   0.00675 | 3.2 |  0.07263830011164672 |   0.003760443762975058 |
|   0.00725 | 3.2 |  0.07320380149769369 |  0.0029814010066828325 |
|   0.00775 | 3.2 |  0.08492802200028256 |   0.003540817899255397 |
|   0.00825 | 3.2 |  0.08733134917618887 |   0.003312035055884944 |
|   0.00875 | 3.2 |  0.08269237251467071 |   0.003978479668813231 |
|   0.00925 | 3.2 |  0.08187959209354186 |   0.004445993335272096 |
|   0.00975 | 3.2 |  0.08252853045850475 |   0.004203719723150459 |
| 0.0106101 | 3.2 |  0.08912153602093262 |   0.002269521773025821 |
| 0.0119047 | 3.2 |  0.09025478313873825 |   0.002646471473059919 |
| 0.0133573 | 3.2 |  0.08981546734506814 |   0.002077954475396603 |
| 0.0149871 | 3.2 |  0.08786909190616045 |  0.0024678920661597476 |
| 0.0168159 | 3.2 |  0.09805336964612797 |   0.002707743058757081 |
| 0.0188677 | 3.2 |    0.099475460337897 |  0.0025710964887730734 |
| 0.0211699 | 3.2 |  0.09797975006029917 |  0.0029416701447082935 |
|  0.023753 | 3.2 |  0.09809627850633489 |  0.0033642449990844794 |
| 0.0266514 | 3.2 |  0.09019131069594012 |   0.003877475578662518 |
| 0.0299033 | 3.2 |  0.09254738903586816 |   0.004747616864668002 |
|   0.00075 | 3.4 | 0.018065908365028523 |  0.0013976827947387155 |
|   0.00125 | 3.4 |  0.02461231723076729 |  0.0013472824031350898 |
|   0.00175 | 3.4 |  0.03642232224768269 |  0.0018076802520883165 |
|   0.00225 | 3.4 |  0.05149336430206808 |   0.002694326869630257 |
|   0.00275 | 3.4 |  0.05657033536697515 |  0.0028865526183472173 |
|   0.00325 | 3.4 | 0.049009775288360515 |  0.0026399380551527483 |
|   0.00375 | 3.4 |  0.06169633411210168 |  0.0033835664492828806 |
|   0.00425 | 3.4 | 0.060885694324957426 |  0.0030961381924819267 |
|   0.00475 | 3.4 |  0.07396627304131119 |  0.0048469738693208255 |
|   0.00525 | 3.4 |  0.07420522031512221 |   0.004779656898815962 |
|   0.00575 | 3.4 |  0.08304098550201919 |   0.004877243547947474 |
|   0.00625 | 3.4 |  0.08510173962066736 |  0.0038260052544576185 |
|   0.00675 | 3.4 |  0.07847000778993703 |   0.005697248807717974 |
|   0.00725 | 3.4 |   0.0795669514042093 |   0.004554153443047918 |
|   0.00775 | 3.4 |  0.09421763342290039 |   0.005088502636308793 |
|   0.00825 | 3.4 |  0.09761603709175301 |   0.005032390969572315 |
|   0.00875 | 3.4 |     0.09161396200463 |  0.0050082837703421855 |
|   0.00925 | 3.4 |  0.09609116562424239 |   0.005336369748905396 |
|   0.00975 | 3.4 |   0.0912425978181665 |   0.005542144357927769 |
| 0.0106101 | 3.4 |  0.10555513874501804 |  0.0032602154965878536 |
| 0.0119047 | 3.4 |  0.10272261339523031 |   0.003809656904858152 |
| 0.0133573 | 3.4 |  0.11169162620400523 |  0.0031763032987098855 |
| 0.0149871 | 3.4 |  0.11788009517301197 |   0.003321404064042754 |
| 0.0168159 | 3.4 |  0.11193979420220483 |  0.0035228151062658693 |
| 0.0188677 | 3.4 |  0.11698349689927287 |   0.003611561049022458 |
| 0.0211699 | 3.4 |  0.11637003182518131 |    0.00403791045389183 |
|  0.023753 | 3.4 |  0.11699151058938996 |   0.004526115398109358 |
| 0.0266514 | 3.4 |    0.119159590678391 |   0.004833181951024068 |
| 0.0299033 | 3.4 |  0.11662085827115595 |   0.005826331248128136 |
|   0.00075 | 3.6 | 0.019264655438649525 |  0.0020254511649462413 |
|   0.00125 | 3.6 |  0.03999404564956238 |   0.002246889803467719 |
|   0.00175 | 3.6 |  0.04090177790973985 |   0.002829624486752677 |
|   0.00225 | 3.6 |  0.05512462756815845 |  0.0029538982367418374 |
|   0.00275 | 3.6 | 0.061854573914270794 |   0.003765922671890996 |
|   0.00325 | 3.6 |  0.08283308935760539 |   0.004335484896310955 |
|   0.00375 | 3.6 |  0.07201685576310296 |   0.005366024293676992 |
|   0.00425 | 3.6 |  0.06758700869680753 |  0.0063867844155647505 |
|   0.00475 | 3.6 |  0.08012755877575618 |    0.00526291735534434 |
|   0.00525 | 3.6 |  0.10370746176392782 |   0.007258489567049224 |
|   0.00575 | 3.6 |  0.09553650268981999 |   0.007879216922574364 |
|   0.00625 | 3.6 |  0.10213231324989448 |  0.0074600099644427514 |
|   0.00675 | 3.6 |   0.0995840038785786 |   0.010039144465136672 |
|   0.00725 | 3.6 |  0.09853916759267463 |   0.008321965284113416 |
|   0.00775 | 3.6 |  0.11333118715857846 |   0.007995080129595832 |
|   0.00825 | 3.6 |   0.1234840072460438 |   0.008735445847392583 |
|   0.00875 | 3.6 |  0.13325398807564878 |   0.008069091952781857 |
|   0.00925 | 3.6 |  0.10941412936117796 |   0.008921018123713586 |
|   0.00975 | 3.6 |   0.1264054951701744 |   0.009264756195155169 |
| 0.0106101 | 3.6 |  0.11816361180238218 |   0.006105279801976653 |
| 0.0119047 | 3.6 |   0.1316132536780463 |   0.005433104670491344 |
| 0.0133573 | 3.6 |  0.12669821539249515 |   0.005125242349163709 |
| 0.0149871 | 3.6 |  0.12830802313896447 |   0.005299690624427455 |
| 0.0168159 | 3.6 |   0.1401039232877808 |   0.005974486565453619 |
| 0.0188677 | 3.6 |  0.13386693281493559 |    0.00529921397641318 |
| 0.0211699 | 3.6 |  0.14846660251673163 |   0.005784080881407826 |
|  0.023753 | 3.6 |   0.1499498580637789 |  0.0065048410985583905 |
| 0.0266514 | 3.6 |  0.15285482342571777 |    0.00673727351800832 |
| 0.0299033 | 3.6 |  0.13382081671842813 |   0.007258744168357605 |
| 0.0335521 | 3.6 |  0.14381534247405778 |   0.008537179647957634 |
|   0.00075 | 3.8 |  0.02675641283536553 |  0.0024919844369556605 |
|   0.00125 | 3.8 | 0.041109721800636566 |   0.002854356369134443 |
|   0.00175 | 3.8 |  0.06025415159527448 |   0.004003546572350205 |
|   0.00225 | 3.8 |  0.06533387604069701 |   0.004731206155265212 |
|   0.00275 | 3.8 |   0.0706670069865105 |   0.005765305848708216 |
|   0.00325 | 3.8 |  0.08378100824091357 |    0.00641551665744113 |
|   0.00375 | 3.8 |  0.08998326045771042 |   0.007223887690871615 |
|   0.00425 | 3.8 |    0.115195480415474 |   0.009298777155790493 |
|   0.00475 | 3.8 |   0.1047974980536699 |   0.008485322713477652 |
|   0.00525 | 3.8 |  0.10272149689147353 |   0.008978530353949275 |
|   0.00575 | 3.8 |  0.13372405220007066 |   0.010949423204403612 |
|   0.00625 | 3.8 |  0.12592378886166533 |   0.011696077929776637 |
|   0.00675 | 3.8 |  0.10070685791758624 |   0.010505840075188044 |
|   0.00725 | 3.8 |  0.14972429651645666 |   0.011868487296529227 |
|   0.00775 | 3.8 |  0.13536407226890826 |   0.012737895842184883 |
|   0.00825 | 3.8 |  0.16168840330702075 |   0.013964712277344289 |
|   0.00875 | 3.8 |  0.14825959357518195 |   0.012493651096093055 |
|   0.00925 | 3.8 |  0.13081849568574355 |   0.013436527950804075 |
|   0.00975 | 3.8 |  0.13410595244376683 |   0.014059913989653566 |
| 0.0106101 | 3.8 |  0.15779858816627157 |   0.009608890535030399 |
| 0.0119047 | 3.8 |  0.15512107441209713 |   0.009504721670672364 |
| 0.0133573 | 3.8 |  0.15328362433931195 |   0.007817584740955034 |
| 0.0149871 | 3.8 |  0.17213928685568305 |    0.00795984030756687 |
| 0.0168159 | 3.8 |  0.18647996730593816 |   0.009926200190329259 |
| 0.0188677 | 3.8 |  0.17884778854698857 |   0.009855777785073376 |
| 0.0211699 | 3.8 |  0.16910892054478607 |   0.007724780880573308 |
|  0.023753 | 3.8 |  0.17797174960322057 |   0.008041682543130481 |
| 0.0266514 | 3.8 |  0.19377621978596857 |   0.008799071567223444 |
| 0.0299033 | 3.8 |   0.1977566888215423 |    0.01001576329637946 |
| 0.0335521 | 3.8 |  0.17168043950055165 |   0.010242172001526908 |
