# Velocity	Xi_G_fit
0.000000	1.254202
1.000000	1.251939
1.028171	1.251875
1.057136	1.251808
1.086916	1.251737
1.117535	1.251663
1.149018	1.251585
1.181386	1.251502
1.214667	1.251416
1.248886	1.251324
1.284068	1.251228
1.320241	1.251127
1.357434	1.251021
1.395674	1.250909
1.434991	1.250792
1.475416	1.250668
1.516980	1.250538
1.559715	1.250401
1.603654	1.250257
1.648830	1.250105
1.695279	1.249946
1.743037	1.249778
1.792140	1.249601
1.842626	1.249416
1.894535	1.249220
1.947906	1.249015
2.002780	1.248799
2.059200	1.248572
2.117210	1.248334
2.176854	1.248083
2.238178	1.247819
2.301229	1.247542
2.366057	1.247251
2.432711	1.246945
2.501243	1.246624
2.571705	1.246286
2.644153	1.245931
2.718641	1.245559
2.795228	1.245167
2.873972	1.244757
2.954934	1.244326
3.038178	1.243873
3.123766	1.243398
3.211766	1.242900
3.302244	1.242378
3.395271	1.241829
3.490920	1.241254
3.589262	1.240652
3.690375	1.240019
3.794336	1.239357
3.901226	1.238662
4.011128	1.237934
4.124125	1.237172
4.240305	1.236373
4.359759	1.235536
4.482577	1.234659
4.608856	1.233742
4.738692	1.232781
4.872185	1.231775
5.009439	1.230722
5.150560	1.229620
5.295656	1.228468
5.444840	1.227262
5.598226	1.226001
5.755934	1.224682
5.918084	1.223304
6.084802	1.221863
6.256216	1.220357
6.432460	1.218784
6.613668	1.217141
6.799982	1.215425
6.991544	1.213633
7.188502	1.211763
7.391009	1.209810
7.599221	1.207773
7.813298	1.205647
8.033406	1.203430
8.259715	1.201119
8.492399	1.198709
8.731638	1.196197
8.977616	1.193580
9.230524	1.190853
9.490557	1.188013
9.757915	1.185056
10.032805	1.181978
10.315438	1.178775
10.606034	1.175443
10.904816	1.171977
11.212015	1.168373
11.527868	1.164627
11.852619	1.160734
12.186519	1.156690
12.529825	1.152490
12.882802	1.148129
13.245723	1.143603
13.618867	1.138907
14.002524	1.134036
14.396988	1.128986
14.802565	1.123751
15.219567	1.118328
15.648317	1.112711
16.089145	1.106895
16.542392	1.100876
17.008406	1.094649
17.487549	1.088209
17.980190	1.081553
18.486709	1.074675
19.007498	1.067571
19.542957	1.060238
20.093501	1.052671
20.659554	1.044866
21.241553	1.036820
21.839948	1.028529
22.455200	1.019991
23.087784	1.011202
23.738189	1.002159
24.406916	0.992862
25.094482	0.983307
25.801418	0.973494
26.528268	0.963421
27.275595	0.953087
28.043974	0.942494
28.834000	0.931640
29.646281	0.920528
30.481445	0.909158
31.340136	0.897533
32.223018	0.885655
33.130771	0.873527
34.064096	0.861155
35.023714	0.848541
36.010365	0.835693
37.024811	0.822615
38.067836	0.809314
39.140243	0.795799
40.242861	0.782078
41.376540	0.768158
42.542157	0.754052
43.740610	0.739768
44.972824	0.725318
46.239752	0.710715
47.542369	0.695970
48.881683	0.681098
50.258727	0.666113
51.674563	0.651029
53.130284	0.635862
54.627015	0.620627
56.165910	0.605340
57.748157	0.590020
59.374978	0.574681
61.047627	0.559343
62.767397	0.544023
64.535614	0.528738
66.353644	0.513506
68.222889	0.498345
70.144793	0.483273
72.120838	0.468308
74.152551	0.453466
76.241499	0.438765
78.389295	0.424221
80.597596	0.409850
82.868107	0.395668
85.202580	0.381689
87.602818	0.367928
90.070672	0.354396
92.608049	0.341107
95.216906	0.328071
97.899256	0.315299
100.657172	0.302801
103.492780	0.290583
106.408270	0.278654
109.405892	0.267020
112.487960	0.255686
115.656853	0.244654
118.915017	0.233930
122.264966	0.223514
125.709286	0.213407
129.250636	0.203609
132.891750	0.194119
136.635437	0.184936
140.484587	0.176057
144.442171	0.167478
148.511245	0.159195
152.694948	0.151204
156.996510	0.143500
161.419251	0.136076
165.966585	0.128926
170.642021	0.122044
175.449169	0.115423
180.391739	0.109055
185.473546	0.102934
190.698512	0.097053
196.070671	0.091403
201.594168	0.085977
207.273268	0.080768
213.112353	0.075769
219.115931	0.070973
225.288635	0.066371
231.635230	0.061959
238.160615	0.057728
244.869826	0.053672
251.768042	0.049786
258.860587	0.046063
266.152936	0.042497
273.650717	0.039083
281.359718	0.035816
289.285889	0.032690
297.435348	0.029700
305.814385	0.026842
314.429467	0.024112
323.287244	0.021504
332.394553	0.019015
341.758424	0.016641
351.386084	0.014378
361.284964	0.012222
371.462705	0.010170
381.927163	0.008217
392.686414	0.006362
403.748764	0.004601
415.122751	0.002930
426.817154	0.001346
438.840999	-0.000153
451.203567	-0.001570
463.914401	-0.002909
476.983311	-0.004171
490.420385	-0.005360
504.235993	-0.006478
518.440801	-0.007527
533.045772	-0.008511
548.062178	-0.009431
563.501611	-0.010290
579.375987	-0.011089
595.697560	-0.011832
612.478927	-0.012521
629.733041	-0.013157
647.473220	-0.013742
665.713156	-0.014280
684.466929	-0.014770
703.749014	-0.015216
723.574293	-0.015620
743.958069	-0.015983
764.916075	-0.016306
786.464489	-0.016592
808.619942	-0.016842
831.399535	-0.017058
854.820850	-0.017242
878.901967	-0.017395
903.661471	-0.017518
929.118475	-0.017613
955.292626	-0.017681
982.204128	-0.017724
1009.873753	-0.017743
1038.322857	-0.017739
1067.573400	-0.017714
1097.647958	-0.017669
1128.569745	-0.017604
1160.362628	-0.017521
1193.051147	-0.017422
1226.660533	-0.017307
1261.216727	-0.017176
1296.746402	-0.017032
1333.276982	-0.016875
1370.836663	-0.016707
1409.454435	-0.016526
1449.160108	-0.016336
1489.984326	-0.016136
1531.958602	-0.015928
1575.115333	-0.015711
1619.487831	-0.015488
1665.110343	-0.015257
1712.018086	-0.015021
1760.247264	-0.014780
1809.835104	-0.014534
1860.819880	-0.014284
1913.240946	-0.014030
1967.138764	-0.013774
2022.554934	-0.013515
2079.532230	-0.013254
2138.114631	-0.012991
2198.347355	-0.012727
2260.276891	-0.012463
2323.951041	-0.012198
2389.418952	-0.011934
2456.731157	-0.011669
2525.939611	-0.011406
2597.097733	-0.011143
2670.260446	-0.010882
2745.484223	-0.010622
2822.827125	-0.010364
2902.348851	-0.010108
2984.110779	-0.009854
3068.176018	-0.009603
3154.609455	-0.009355
3243.477804	-0.009109
3334.849660	-0.008867
3428.795547	-0.008627
3525.387979	-0.008391
3624.701512	-0.008158
3726.812802	-0.007929
3831.800663	-0.007704
3939.746133	-0.007482
4050.732530	-0.007264
4164.845518	-0.007049
4282.173178	-0.006839
4402.806070	-0.006633
4526.837305	-0.006431
4654.362619	-0.006232
4785.480441	-0.006038
4920.291977	-0.005848
5058.901283	-0.005662
5201.415344	-0.005480
5347.944162	-0.005302
5498.600837	-0.005129
5653.501653	-0.004959
5812.766173	-0.004794
5976.517325	-0.004632
6144.881503	-0.004475
6317.988661	-0.004322
6495.972411	-0.004172
6678.970134	-0.004027
6867.123076	-0.003885
7060.576465	-0.003747
7259.479621	-0.003613
7463.986067	-0.003483
7674.253655	-0.003357
7890.444681	-0.003234
8112.726013	-0.003114
8341.269223	-0.002999
8576.250711	-0.002886
8817.851852	-0.002777
9066.259127	-0.002672
9321.664271	-0.002569
9584.264421	-0.002470
9854.262267	-0.002374
10131.866209	-0.002281
10417.290518	-0.002191
10710.755501	-0.002105
11012.487673	-0.002020
11322.719926	-0.001939
11641.691717	-0.001861
11969.649247	-0.001785
12306.845653	-0.001712
12653.541202	-0.001641
13010.003495	-0.001573
13376.507669	-0.001507
13753.336615	-0.001444
14140.781190	-0.001383
14539.140448	-0.001324
14948.721865	-0.001267
15369.841580	-0.001213
15802.824638	-0.001160
16248.005241	-0.001110
16705.727004	-0.001061
17176.343226	-0.001014
17660.217154	-0.000969
18157.722270	-0.000926
18669.242580	-0.000885
19195.172902	-0.000845
19735.919183	-0.000806
20291.898800	-0.000770
20863.540892	-0.000734
21451.286686	-0.000701
22055.589838	-0.000668
22676.916784	-0.000637
23315.747102	-0.000607
23972.573877	-0.000579
24647.904087	-0.000551
25342.258992	-0.000525
26056.174535	-0.000500
26790.201758	-0.000476
27544.907226	-0.000453
28320.873465	-0.000431
29118.699411	-0.000410
29939.000873	-0.000390
30782.411008	-0.000371
31649.580808	-0.000353
32541.179607	-0.000335
33457.895591	-0.000319
34400.436338	-0.000303
35369.529353	-0.000288
36365.922641	-0.000273
37390.385275	-0.000259
38443.707996	-0.000246
39526.703821	-0.000234
40640.208668	-0.000222
41785.082006	-0.000210
42962.207514	-0.000199
44172.493768	-0.000189
45416.874938	-0.000179
46696.311508	-0.000170
48011.791024	-0.000161
49364.328849	-0.000152
50754.968951	-0.000144
52184.784708	-0.000137
53654.879734	-0.000129
55166.388736	-0.000122
56720.478385	-0.000116
58318.348217	-0.000110
59961.231563	-0.000104
61650.396495	-0.000098
63387.146810	-0.000093
65172.823033	-0.000088
67008.803455	-0.000083
68896.505191	-0.000078
70837.385281	-0.000074
72832.941810	-0.000070
74884.715064	-0.000066
76994.288722	-0.000062
79163.291077	-0.000059
81393.396292	-0.000056
83686.325692	-0.000053
86043.849095	-0.000050
88467.786174	-0.000047
90960.007867	-0.000044
93522.437816	-0.000042
96157.053854	-0.000039
98865.889531	-0.000037
101651.035687	-0.000035
104514.642059	-0.000033
107458.918947	-0.000031
110486.138916	-0.000029
113598.638550	-0.000028
116798.820261	-0.000026
120089.154134	-0.000025
123472.179842	-0.000023
126950.508603	-0.000022
130526.825194	-0.000021
134203.890025	-0.000019
137984.541271	-0.000018
141871.697058	-0.000017
145868.357722	-0.000016
149977.608118	-0.000015
154202.620007	-0.000014
158546.654500	-0.000014
163013.064577	-0.000013
167605.297675	-0.000012
172326.898347	-0.000011
177181.511002	-0.000011
182172.882713	-0.000010
187304.866114	-0.000009
192581.422368	-0.000009
198006.624232	-0.000008
203584.659194	-0.000008
209319.832706	-0.000007
215216.571512	-0.000007
221279.427059	-0.000007
227513.079014	-0.000006
233922.338875	-0.000006
240512.153683	-0.000006
247287.609843	-0.000005
254253.937048	-0.000005
261416.512317	-0.000005
268780.864145	-0.000004
276352.676770	-0.000004
284137.794559	-0.000004
292142.226522	-0.000004
300372.150947	-0.000003
308833.920173	-0.000003
317534.065487	-0.000003
326479.302170	-0.000003
335676.534680	-0.000003
345132.861979	-0.000003
354855.583014	-0.000002
364852.202349	-0.000002
375130.435960	-0.000002
385698.217189	-0.000002
396563.702868	-0.000002
407735.279614	-0.000002
419221.570305	-0.000002
431031.440731	-0.000002
443174.006441	-0.000002
455658.639778	-0.000002
468494.977112	-0.000001
481692.926280	-0.000001
495262.674231	-0.000001
509214.694889	-0.000001
523559.757242	-0.000001
538308.933647	-0.000001
553473.608382	-0.000001
569065.486429	-0.000001
585096.602514	-0.000001
601579.330388	-0.000001
618526.392386	-0.000001
635950.869241	-0.000001
653866.210185	-0.000001
672286.243325	-0.000001
691225.186322	-0.000001
710697.657358	-0.000001
730718.686427	-0.000001
751303.726930	-0.000001
772468.667606	-0.000001
794229.844794	-0.000001
816604.055044	-0.000001
839608.568081	-0.000001
863261.140133	-0.000001
887580.027640	-0.000001
912584.001342	-0.000001
938292.360768	-0.000001
964724.949135	-0.000001
991902.168660	-0.000001
1019844.996312	-0.000001
1048575.000000	-0.000001
