# Velocity	Xi_G_fit
0.000000	1.490120
1.000000	1.488711
1.028171	1.488673
1.057136	1.488633
1.086916	1.488592
1.117535	1.488550
1.149018	1.488505
1.181386	1.488459
1.214667	1.488409
1.248886	1.488357
1.284068	1.488302
1.320241	1.488243
1.357434	1.488181
1.395674	1.488116
1.434991	1.488047
1.475416	1.487975
1.516980	1.487898
1.559715	1.487818
1.603654	1.487734
1.648830	1.487645
1.695279	1.487551
1.743037	1.487453
1.792140	1.487349
1.842626	1.487240
1.894535	1.487124
1.947906	1.487003
2.002780	1.486875
2.059200	1.486741
2.117210	1.486599
2.176854	1.486450
2.238178	1.486293
2.301229	1.486127
2.366057	1.485953
2.432711	1.485770
2.501243	1.485577
2.571705	1.485375
2.644153	1.485161
2.718641	1.484937
2.795228	1.484700
2.873972	1.484452
2.954934	1.484190
3.038178	1.483915
3.123766	1.483626
3.211766	1.483322
3.302244	1.483002
3.395271	1.482666
3.490920	1.482312
3.589262	1.481941
3.690375	1.481550
3.794336	1.481140
3.901226	1.480708
4.011128	1.480255
4.124125	1.479778
4.240305	1.479278
4.359759	1.478752
4.482577	1.478199
4.608856	1.477619
4.738692	1.477010
4.872185	1.476370
5.009439	1.475698
5.150560	1.474992
5.295656	1.474251
5.444840	1.473474
5.598226	1.472657
5.755934	1.471801
5.918084	1.470902
6.084802	1.469958
6.256216	1.468969
6.432460	1.467931
6.613668	1.466842
6.799982	1.465701
6.991544	1.464504
7.188502	1.463249
7.391009	1.461933
7.599221	1.460555
7.813298	1.459110
8.033406	1.457596
8.259715	1.456011
8.492399	1.454350
8.731638	1.452612
8.977616	1.450791
9.230524	1.448886
9.490557	1.446892
9.757915	1.444805
10.032805	1.442623
10.315438	1.440340
10.606034	1.437953
10.904816	1.435458
11.212015	1.432850
11.527868	1.430125
11.852619	1.427279
12.186519	1.424306
12.529825	1.421202
12.882802	1.417962
13.245723	1.414581
13.618867	1.411054
14.002524	1.407375
14.396988	1.403539
14.802565	1.399541
15.219567	1.395374
15.648317	1.391034
16.089145	1.386514
16.542392	1.381809
17.008406	1.376912
17.487549	1.371817
17.980190	1.366518
18.486709	1.361010
19.007498	1.355284
19.542957	1.349337
20.093501	1.343160
20.659554	1.336748
21.241553	1.330094
21.839948	1.323193
22.455200	1.316037
23.087784	1.308621
23.738189	1.300939
24.406916	1.292985
25.094482	1.284753
25.801418	1.276237
26.528268	1.267433
27.275595	1.258335
28.043974	1.248938
28.834000	1.239237
29.646281	1.229228
30.481445	1.218908
31.340136	1.208273
32.223018	1.197320
33.130771	1.186047
34.064096	1.174453
35.023714	1.162537
36.010365	1.150300
37.024811	1.137742
38.067836	1.124867
39.140243	1.111676
40.242861	1.098175
41.376540	1.084366
42.542157	1.070255
43.740610	1.055846
44.972824	1.041145
46.239752	1.026158
47.542369	1.010891
48.881683	0.995351
50.258727	0.979549
51.674563	0.963493
53.130284	0.947195
54.627015	0.930668
56.165910	0.913928
57.748157	0.896989
59.374978	0.879866
61.047627	0.862578
62.767397	0.845144
64.535614	0.827581
66.353644	0.809907
68.222889	0.792143
70.144793	0.774310
72.120838	0.756426
74.152551	0.738513
76.241499	0.720592
78.389295	0.702685
80.597596	0.684811
82.868107	0.666992
85.202580	0.649250
87.602818	0.631604
90.070672	0.614075
92.608049	0.596682
95.216906	0.579444
97.899256	0.562380
100.657172	0.545507
103.492780	0.528840
106.408270	0.512395
109.405892	0.496187
112.487960	0.480228
115.656853	0.464528
118.915017	0.449099
122.264966	0.433952
125.709286	0.419092
129.250636	0.404525
132.891750	0.390258
136.635437	0.376298
140.484587	0.362645
144.442171	0.349301
148.511245	0.336270
152.694948	0.323553
156.996510	0.311148
161.419251	0.299054
165.966585	0.287273
170.642021	0.275802
175.449169	0.264637
180.391739	0.253775
185.473546	0.243215
190.698512	0.232954
196.070671	0.222983
201.594168	0.213301
207.273268	0.203906
213.112353	0.194789
219.115931	0.185944
225.288635	0.177369
231.635230	0.169060
238.160615	0.161007
244.869826	0.153205
251.768042	0.145652
258.860587	0.138341
266.152936	0.131264
273.650717	0.124417
281.359718	0.117796
289.285889	0.111396
297.435348	0.105209
305.814385	0.099230
314.429467	0.093458
323.287244	0.087886
332.394553	0.082506
341.758424	0.077317
351.386084	0.072315
361.284964	0.067493
371.462705	0.062846
381.927163	0.058373
392.686414	0.054069
403.748764	0.049928
415.122751	0.045946
426.817154	0.042121
438.840999	0.038449
451.203567	0.034923
463.914401	0.031543
476.983311	0.028304
490.420385	0.025202
504.235993	0.022232
518.440801	0.019393
533.045772	0.016682
548.062178	0.014093
563.501611	0.011622
579.375987	0.009269
595.697560	0.007029
612.478927	0.004899
629.733041	0.002874
647.473220	0.000954
665.713156	-0.000866
684.466929	-0.002590
703.749014	-0.004219
723.574293	-0.005756
743.958069	-0.007205
764.916075	-0.008569
786.464489	-0.009851
808.619942	-0.011051
831.399535	-0.012176
854.820850	-0.013226
878.901967	-0.014204
903.661471	-0.015112
929.118475	-0.015954
955.292626	-0.016732
982.204128	-0.017448
1009.873753	-0.018104
1038.322857	-0.018703
1067.573400	-0.019248
1097.647958	-0.019740
1128.569745	-0.020181
1160.362628	-0.020575
1193.051147	-0.020922
1226.660533	-0.021225
1261.216727	-0.021485
1296.746402	-0.021706
1333.276982	-0.021888
1370.836663	-0.022033
1409.454435	-0.022144
1449.160108	-0.022222
1489.984326	-0.022268
1531.958602	-0.022284
1575.115333	-0.022273
1619.487831	-0.022235
1665.110343	-0.022171
1712.018086	-0.022084
1760.247264	-0.021975
1809.835104	-0.021844
1860.819880	-0.021694
1913.240946	-0.021526
1967.138764	-0.021340
2022.554934	-0.021139
2079.532230	-0.020923
2138.114631	-0.020693
2198.347355	-0.020450
2260.276891	-0.020195
2323.951041	-0.019930
2389.418952	-0.019655
2456.731157	-0.019371
2525.939611	-0.019080
2597.097733	-0.018781
2670.260446	-0.018475
2745.484223	-0.018164
2822.827125	-0.017848
2902.348851	-0.017528
2984.110779	-0.017204
3068.176018	-0.016877
3154.609455	-0.016548
3243.477804	-0.016217
3334.849660	-0.015885
3428.795547	-0.015552
3525.387979	-0.015219
3624.701512	-0.014886
3726.812802	-0.014553
3831.800663	-0.014222
3939.746133	-0.013892
4050.732530	-0.013564
4164.845518	-0.013237
4282.173178	-0.012914
4402.806070	-0.012592
4526.837305	-0.012274
4654.362619	-0.011959
4785.480441	-0.011648
4920.291977	-0.011340
5058.901283	-0.011036
5201.415344	-0.010736
5347.944162	-0.010440
5498.600837	-0.010149
5653.501653	-0.009862
5812.766173	-0.009580
5976.517325	-0.009302
6144.881503	-0.009030
6317.988661	-0.008762
6495.972411	-0.008499
6678.970134	-0.008241
6867.123076	-0.007988
7060.576465	-0.007741
7259.479621	-0.007498
7463.986067	-0.007261
7674.253655	-0.007029
7890.444681	-0.006802
8112.726013	-0.006580
8341.269223	-0.006364
8576.250711	-0.006152
8817.851852	-0.005946
9066.259127	-0.005745
9321.664271	-0.005549
9584.264421	-0.005358
9854.262267	-0.005171
10131.866209	-0.004990
10417.290518	-0.004814
10710.755501	-0.004642
11012.487673	-0.004476
11322.719926	-0.004314
11641.691717	-0.004156
11969.649247	-0.004003
12306.845653	-0.003855
12653.541202	-0.003711
13010.003495	-0.003572
13376.507669	-0.003436
13753.336615	-0.003305
14140.781190	-0.003178
14539.140448	-0.003055
14948.721865	-0.002936
15369.841580	-0.002820
15802.824638	-0.002709
16248.005241	-0.002601
16705.727004	-0.002497
17176.343226	-0.002396
17660.217154	-0.002299
18157.722270	-0.002205
18669.242580	-0.002114
19195.172902	-0.002027
19735.919183	-0.001942
20291.898800	-0.001861
20863.540892	-0.001782
21451.286686	-0.001707
22055.589838	-0.001634
22676.916784	-0.001564
23315.747102	-0.001496
23972.573877	-0.001431
24647.904087	-0.001369
25342.258992	-0.001309
26056.174535	-0.001251
26790.201758	-0.001195
27544.907226	-0.001142
28320.873465	-0.001091
29118.699411	-0.001041
29939.000873	-0.000994
30782.411008	-0.000949
31649.580808	-0.000905
32541.179607	-0.000864
33457.895591	-0.000824
34400.436338	-0.000785
35369.529353	-0.000749
36365.922641	-0.000713
37390.385275	-0.000680
38443.707996	-0.000647
39526.703821	-0.000616
40640.208668	-0.000587
41785.082006	-0.000559
42962.207514	-0.000532
44172.493768	-0.000506
45416.874938	-0.000481
46696.311508	-0.000458
48011.791024	-0.000435
49364.328849	-0.000414
50754.968951	-0.000393
52184.784708	-0.000373
53654.879734	-0.000355
55166.388736	-0.000337
56720.478385	-0.000320
58318.348217	-0.000304
59961.231563	-0.000288
61650.396495	-0.000273
63387.146810	-0.000259
65172.823033	-0.000246
67008.803455	-0.000233
68896.505191	-0.000221
70837.385281	-0.000210
72832.941810	-0.000199
74884.715064	-0.000188
76994.288722	-0.000179
79163.291077	-0.000169
81393.396292	-0.000160
83686.325692	-0.000152
86043.849095	-0.000144
88467.786174	-0.000136
90960.007867	-0.000129
93522.437816	-0.000122
96157.053854	-0.000115
98865.889531	-0.000109
101651.035687	-0.000103
104514.642059	-0.000098
107458.918947	-0.000092
110486.138916	-0.000087
113598.638550	-0.000082
116798.820261	-0.000078
120089.154134	-0.000074
123472.179842	-0.000070
126950.508603	-0.000066
130526.825194	-0.000062
134203.890025	-0.000059
137984.541271	-0.000056
141871.697058	-0.000052
145868.357722	-0.000050
149977.608118	-0.000047
154202.620007	-0.000044
158546.654500	-0.000042
163013.064577	-0.000039
167605.297675	-0.000037
172326.898347	-0.000035
177181.511002	-0.000033
182172.882713	-0.000031
187304.866114	-0.000030
192581.422368	-0.000028
198006.624232	-0.000026
203584.659194	-0.000025
209319.832706	-0.000024
215216.571512	-0.000022
221279.427059	-0.000021
227513.079014	-0.000020
233922.338875	-0.000019
240512.153683	-0.000018
247287.609843	-0.000017
254253.937048	-0.000016
261416.512317	-0.000015
268780.864145	-0.000014
276352.676770	-0.000013
284137.794559	-0.000013
292142.226522	-0.000012
300372.150947	-0.000011
308833.920173	-0.000011
317534.065487	-0.000010
326479.302170	-0.000010
335676.534680	-0.000009
345132.861979	-0.000009
354855.583014	-0.000008
364852.202349	-0.000008
375130.435960	-0.000007
385698.217189	-0.000007
396563.702868	-0.000007
407735.279614	-0.000006
419221.570305	-0.000006
431031.440731	-0.000006
443174.006441	-0.000005
455658.639778	-0.000005
468494.977112	-0.000005
481692.926280	-0.000005
495262.674231	-0.000004
509214.694889	-0.000004
523559.757242	-0.000004
538308.933647	-0.000004
553473.608382	-0.000004
569065.486429	-0.000003
585096.602514	-0.000003
601579.330388	-0.000003
618526.392386	-0.000003
635950.869241	-0.000003
653866.210185	-0.000003
672286.243325	-0.000003
691225.186322	-0.000003
710697.657358	-0.000002
730718.686427	-0.000002
751303.726930	-0.000002
772468.667606	-0.000002
794229.844794	-0.000002
816604.055044	-0.000002
839608.568081	-0.000002
863261.140133	-0.000002
887580.027640	-0.000002
912584.001342	-0.000002
938292.360768	-0.000002
964724.949135	-0.000002
991902.168660	-0.000002
1019844.996312	-0.000002
1048575.000000	-0.000002
